[redshift]
temp-day=5000
temp-night=200
transition=1
gamma=1.000:1.000:1.000
location-provider=manual

[manual]
lat=59.334591
lon=18.063240
